1 0 205
2 205 167
3 372 194
4 566 167
5 733 3961
6 4694 5159
7 9853 9008
8 18861 6401
9 25262 7325
10 32587 16864
11 49451 181
12 49632 12247
13 61879 6696
14 68575 12016
15 80591 222
16 80813 168
17 80981 3834
18 84815 162
19 84977 32592
20 117569 2304
21 119873 2183
22 122056 3923
23 125979 2947
24 128926 2098
25 131024 3620
26 134644 2343
27 136987 5955
28 142942 8181
29 151123 182
30 151305 5397
31 156702 4994
32 161696 171
33 161867 14304
34 176171 210
35 176381 6751
36 183132 211
37 183343 9144
38 192487 334
39 192821 183
40 193004 11192
41 204196 6531
42 210727 15877
43 226604 4108
44 230712 5410
45 236122 3356
46 239478 4153
47 243631 3905
48 247536 6569
49 254105 3804
50 257909 5443
51 263352 3360
52 266712 4431
53 271143 208
54 271351 2588
55 273939 8148
56 282087 3956
57 286043 6470
58 292513 7308
59 299821 22498
60 322319 211
61 322530 6716
62 329246 200
63 329446 5335
64 334781 4887
65 339668 6725
66 346393 217
67 346610 9149
68 355759 170
69 355929 11076
70 367005 170
71 367175 186
72 367361 180
73 367541 3589
74 371130 4602
75 375732 6411
76 382143 6977
77 389120 15620
78 404740 211
79 404951 199
80 405150 277
81 405427 294
82 405721 182
83 405903 5275
84 411178 5014
85 416192 208
86 416400 272
87 416672 294
88 416966 1696
89 418662 170
90 418832 258
91 419090 6699
92 425789 190
93 425979 9212
94 435191 232
95 435423 52975
96 488398 10173
97 498571 5303
98 503874 8577
99 512451 7293
100 519744 6239
101 525983 180
102 526163 12589
103 538752 6703
104 545455 211
105 545666 192
106 545858 4997
107 550855 4686
108 555541 202
109 555743 6551
110 562294 185
111 562479 9253
112 571732 188
113 571920 11236
114 583156 6547
115 589703 5216
116 594919 6426
117 601345 3825
118 605170 6154
119 611324 4825
120 616149 6742
121 622891 4080
122 626971 8040
123 635011 4894
124 639905 4405
125 644310 197
126 644507 2946
127 647453 7495
128 654948 3624
129 658572 4845
130 663417 9767
131 673184 6785
132 679969 7666
133 687635 23436
134 711071 184
135 711255 12181
136 723436 190
137 723626 4991
138 728617 4500
139 733117 3213
140 736330 6553
141 742883 3354
142 746237 2808
143 749045 3431
144 752476 213
145 752689 9295
146 761984 14408
147 776392 169
148 776561 11283
149 787844 6546
150 794390 13638
151 808028 13912
152 821940 170
153 822110 4572
154 826682 208
155 826890 181
156 827071 187
157 827258 181
158 827439 3540
159 830979 4692
160 835671 9350
161 845021 6787
162 851808 7681
163 859489 16137
164 875626 183
165 875809 12191
166 888000 170
167 888170 5020
168 893190 184
169 893374 5008
170 898382 4529
171 902911 6537
172 909448 213
173 909661 9033
174 918694 181
175 918875 11243
176 930118 6539
177 936657 208
178 936865 181
179 937046 163
180 937209 181
181 937390 3596
182 940986 4687
183 945673 9331
184 955004 6789
185 961793 7668
186 969461 16368
187 985829 183
188 986012 12221
189 998233 6543
190 1004776 205
191 1004981 5108
192 1010089 4587
193 1014676 6546
194 1021222 273
195 1021495 9076
196 1030571 170
197 1030741 15244
198 1045985 209
199 1046194 6530
200 1052724 163
201 1052887 11221
202 1064108 6523
203 1070631 184
204 1070815 202
205 1071017 184
206 1071201 196
207 1071397 184
208 1071581 178
209 1071759 184
210 1071943 181
211 1072124 196
212 1072320 190
213 1072510 182
214 1072692 212
215 1072904 3080
216 1075984 7595
217 1083579 3498
218 1087077 4845
219 1091922 9339
220 1101261 6765
221 1108026 7666
222 1115692 22455
223 1138147 180
224 1138327 5103
225 1143430 4580
226 1148010 6544
227 1154554 212
228 1154766 8875
229 1163641 11600
230 1175241 190
231 1175431 184
232 1175615 164
233 1175779 11248
234 1187027 191
235 1187218 163
236 1187381 181
237 1187562 207
238 1187769 3486
239 1191255 4751
240 1196006 9326
241 1205332 6764
242 1212096 7639
243 1219735 16845
244 1236580 176
245 1236756 195
246 1236951 5137
247 1242088 4507
248 1246595 221
249 1246816 8981
250 1255797 202
251 1255999 8347
252 1264346 170
253 1264516 11268
254 1275784 168
255 1275952 2702
256 1278654 188
257 1278842 175
258 1279017 157
259 1279174 3504
260 1282678 4890
261 1287568 9335
262 1296903 7643
263 1304546 16365
264 1320911 182
265 1321093 8951
266 1330044 222
267 1330266 201
268 1330467 5122
269 1335589 4579
270 1340168 193
271 1340361 184
272 1340545 180
273 1340725 15903
274 1356628 209
275 1356837 6535
276 1363372 230
277 1363602 184
278 1363786 203
279 1363989 5740
280 1369729 6106
281 1375835 3783
282 1379618 7509
283 1387127 4534
284 1391661 4358
285 1396019 3478
286 1399497 7234
287 1406731 4929
288 1411660 4934
289 1416594 209
290 1416803 3088
291 1419891 3694
292 1423585 5084
293 1428669 9330
294 1437999 6773
295 1444772 7691
296 1452463 23375
297 1475838 170
298 1476008 186
299 1476194 4427
300 1480621 6536
301 1487157 185
302 1487342 5375
303 1492717 189
304 1492906 5091
305 1497997 4531
306 1502528 3505
307 1506033 212
308 1506245 8972
309 1515217 170
310 1515387 231
311 1515618 157
312 1515775 220
313 1515995 157
314 1516152 3438
315 1519590 4919
316 1524509 6813
317 1531322 7668
318 1538990 16883
319 1555873 182
320 1556055 12346
321 1568401 6530
322 1574931 188
323 1575119 195
324 1575314 5189
325 1580503 4656
326 1585159 249
327 1585408 172
328 1585580 175
329 1585755 200
330 1585955 8826
331 1594781 170
332 1594951 11397
333 1606348 6548
334 1612896 217
335 1613113 224
336 1613337 4104
337 1617441 157
338 1617598 184
339 1617782 164
340 1617946 194
341 1618140 5800
342 1623940 5497
343 1629437 10335
344 1639772 3400
345 1643172 4905
346 1648077 9368
347 1657445 7661
348 1665106 16081
349 1681187 183
350 1681370 5167
351 1686537 4599
352 1691136 6802
353 1697938 241
354 1698179 16999
355 1715178 13528
356 1728706 193
357 1728899 3179
358 1732078 233
359 1732311 6218
360 1738529 212
361 1738741 9137
362 1747878 170
363 1748048 11378
364 1759426 178
365 1759604 181
366 1759785 5621
367 1765406 4243
368 1769649 3235
369 1772884 5893
370 1778777 4662
371 1783439 4189
372 1787628 3836
373 1791464 5340
374 1796804 4611
375 1801415 5640
376 1807055 15991
377 1823046 209
378 1823255 7559
379 1830814 2603
380 1833417 3163
381 1836580 5133
382 1841713 9380
383 1851093 7810
384 1858903 21527
385 1880430 183
386 1880613 183
387 1880796 5125
388 1885921 4454
389 1890375 233
390 1890608 231
391 1890839 9385
392 1900224 189
393 1900413 11207
394 1911620 14979
395 1926599 205
396 1926804 208
397 1927012 220
398 1927232 214
399 1927446 2396
400 1929842 4259
401 1934101 8566
402 1942667 6164
403 1948831 7206
404 1956037 15332
405 1971369 189
406 1971558 6791
407 1978349 2905
408 1981254 198
409 1981452 4991
410 1986443 4604
411 1991047 6770
412 1997817 199
413 1998016 182
414 1998198 258
415 1998456 9166
416 2007622 203
417 2007825 54870
418 2062695 195
419 2062890 12331
420 2075221 221
421 2075442 5454
422 2080896 177
423 2081073 4588
424 2085661 4344
425 2090005 6788
426 2096793 191
427 2096984 12517
428 2109501 228
429 2109729 9422
430 2119151 183
431 2119334 3369
432 2122703 6755
433 2129458 187
434 2129645 193
435 2129838 181
436 2130019 226
437 2130245 3041
438 2133286 6670
439 2139956 3229
440 2143185 4681
441 2147866 5552
442 2153418 7409
443 2160827 7698
444 2168525 5290
445 2173815 7281
446 2181096 4304
447 2185400 3422
448 2188822 4343
449 2193165 465
450 2193630 3139
451 2196769 2101
452 2198870 10106
453 2208976 1005
454 2209981 1334
455 2211315 5126
456 2216441 2521
457 2218962 6604
458 2225566 7761
459 2233327 1409
460 2234736 1754
461 2236490 2227
462 2238717 3392
463 2242109 1756
464 2243865 2087
465 2245952 5890
466 2251842 2067
467 2253909 1425
468 2255334 1083
469 2256417 3161
470 2259578 6297
471 2265875 1815
472 2267690 2354
473 2270044 2571
474 2272615 2509
475 2275124 3586
476 2278710 1267
477 2279977 8430
478 2288407 3750
479 2292157 1380
480 2293537 9981
481 2303518 4025
482 2307543 7132
483 2314675 9680
484 2324355 3302
485 2327657 6389
486 2334046 4279
487 2338325 4598
488 2342923 2925
489 2345848 1282
490 2347130 3047
491 2350177 1939
492 2352116 1661
493 2353777 1710
494 2355487 3335
495 2358822 2055
496 2360877 2117
497 2362994 979
498 2363973 1882
499 2365855 3932
500 2369787 2188
501 2371975 5346
502 2377321 1736
503 2379057 1873
504 2380930 2534
505 2383464 2178
506 2385642 2366
507 2388008 2147
508 2390155 1777
509 2391932 2373
510 2394305 5872
511 2400177 4885
512 2405062 1578
513 2406640 13408
514 2420048 5217
515 2425265 948
516 2426213 14050
517 2440263 1825
518 2442088 1504
519 2443592 991
520 2444583 1277
521 2445860 1747
522 2447607 6037
523 2453644 2918
524 2456562 2945
525 2459507 2334
526 2461841 1931
527 2463772 2762
528 2466534 5375
529 2471909 14967
530 2486876 7187
531 2494063 3275
532 2497338 3174
533 2500512 2536
534 2503048 2850
535 2505898 1336
536 2507234 2285
537 2509519 5117
538 2514636 1591
539 2516227 1285
540 2517512 1971
541 2519483 2054
542 2521537 2556
543 2524093 2018
544 2526111 1480
545 2527591 1371
546 2528962 1281
547 2530243 2464
548 2532707 4264
549 2536971 5440
550 2542411 2999
551 2545410 2737
552 2548147 3728
553 2551875 2090
554 2553965 3952
555 2557917 12685
556 2570602 2464
557 2573066 1877
558 2574943 3550
559 2578493 3791
560 2582284 3788
561 2586072 1866
562 2587938 5312
563 2593250 6670
564 2599920 2484
565 2602404 4511
566 2606915 6790
567 2613705 1483
568 2615188 2394
569 2617582 2610
570 2620192 745
571 2620937 5249
572 2626186 264
573 2626450 841
574 2627291 3414
575 2630705 5716
576 2636421 1215
577 2637636 1347
578 2638983 3549
579 2642532 4527
580 2647059 2341
581 2649400 2165
582 2651565 3715
583 2655280 3918
584 2659198 903
585 2660101 2892
586 2662993 1133
587 2664126 1761
588 2665887 1979
589 2667866 3062
590 2670928 7010
591 2677938 8411
592 2686349 3921
593 2690270 3860
594 2694130 4617
595 2698747 3848
596 2702595 4569
597 2707164 1126
598 2708290 4173
599 2712463 2641
600 2715104 1679
601 2716783 1047
602 2717830 3997
603 2721827 3811
604 2725638 2844
605 2728482 1265
606 2729747 3124
607 2732871 7521
608 2740392 18477
609 2758869 2172
610 2761041 3722
611 2764763 1616
612 2766379 4150
613 2770529 5052
614 2775581 8660
615 2784241 3066
616 2787307 13057
617 2800364 3636
618 2804000 194
619 2804194 6210
620 2810404 8462
621 2818866 5623
622 2824489 2114
623 2826603 4914
624 2831517 1189
625 2832706 3820
626 2836526 6220
627 2842746 1618
628 2844364 3397
629 2847761 2769
630 2850530 6092
631 2856622 5292
632 2861914 1738
633 2863652 6558
634 2870210 3611
635 2873821 10177
636 2883998 6852
637 2890850 4496
638 2895346 3494
639 2898840 6244
640 2905084 9442
641 2914526 1572
642 2916098 2722
643 2918820 2364
644 2921184 4464
645 2925648 8548
646 2934196 1532
647 2935728 4789
648 2940517 7354
649 2947871 1289
650 2949160 1065
651 2950225 9010
652 2959235 11134
653 2970369 9157
654 2979526 15877
655 2995403 8640
656 3004043 8333
657 3012376 7248
658 3019624 11155
659 3030779 19412
660 3050191 13496
661 3063687 5451
662 3069138 486
663 3069624 818
664 3070442 3185
665 3073627 7318
666 3080945 533
667 3081478 1525
668 3083003 3451
669 3086454 2082
670 3088536 9111
671 3097647 7982
672 3105629 8515
673 3114144 4617
674 3118761 2673
675 3121434 4069
676 3125503 7106
677 3132609 3393
678 3136002 2822
679 3138824 665
680 3139489 1044
681 3140533 1626
682 3142159 6622
683 3148781 1338
684 3150119 11365
685 3161484 6306
686 3167790 4398
687 3172188 25163
688 3197351 3732
689 3201083 5068
690 3206151 8342
691 3214493 9726
692 3224219 4543
693 3228762 9560
694 3238322 12703
695 3251025 4648
696 3255673 10892
697 3266565 6236
698 3272801 5091
699 3277892 1742
700 3279634 3800
701 3283434 4753
702 3288187 3696
703 3291883 10663
704 3302546 9830
705 3312376 6762
706 3319138 6028
707 3325166 6536
708 3331702 5764
709 3337466 4059
710 3341525 3827
711 3345352 3466
712 3348818 3793
713 3352611 3276
714 3355887 12182
715 3368069 12683
716 3380752 4215
717 3384967 2804
718 3387771 5551
719 3393322 15806
720 3409128 4261
721 3413389 713
722 3414102 1195
723 3415297 4375
724 3419672 4354
725 3424026 2048
726 3426074 12942
727 3439016 6634
728 3445650 8773
729 3454423 7690
730 3462113 10648
731 3472761 212
732 3472973 6952
733 3479925 8920
734 3488845 2330
735 3491175 8110
736 3499285 8247
737 3507532 3883
738 3511415 5717
739 3517132 10209
740 3527341 2506
741 3529847 13173
742 3543020 4654
743 3547674 519
744 3548193 1508
745 3549701 3022
746 3552723 183
747 3552906 183
748 3553089 204
749 3553293 195
750 3553488 168
751 3553656 209
752 3553865 208
753 3554073 207
754 3554280 206
755 3554486 210
756 3554696 201
757 3554897 183
758 3555080 166
759 3555246 171
760 3555417 193
761 3555610 190
762 3555800 212
763 3556012 187
764 3556199 168
765 3556367 174
766 3556541 189
767 3556730 183
768 3556913 203
769 3557116 203
770 3557319 207
771 3557526 204
772 3557730 168
773 3557898 196
774 3558094 207
775 3558301 190
776 3558491 207
777 3558698 183
778 3558881 202
779 3559083 207
780 3559290 204
781 3559494 210
782 3559704 187
783 3559891 213
784 3560104 206
785 3560310 209
786 3560519 210
787 3560729 204
788 3560933 201
789 3561134 196
790 3561330 189
791 3561519 174
792 3561693 209
793 3561902 201
794 3562103 177
795 3562280 162
796 3562442 3654
797 3566096 1993
798 3568089 3212
799 3571301 2847
800 3574148 7329
801 3581477 393
802 3581870 489
803 3582359 10835
804 3593194 4379
805 3597573 3642
806 3601215 8771
807 3609986 3358
808 3613344 2046
809 3615390 1995
810 3617385 7003
811 3624388 6247
812 3630635 3680
813 3634315 2239
814 3636554 14527
815 3651081 6393
816 3657474 1323
817 3658797 1971
818 3660768 2896
819 3663664 2580
820 3666244 2128
821 3668372 1561
822 3669933 740
823 3670673 1348
824 3672021 736
825 3672757 385
826 3673142 3922
827 3677064 2966
828 3680030 4081
829 3684111 7332
830 3691443 5282
831 3696725 1321
832 3698046 1129
833 3699175 911
834 3700086 1834
835 3701920 2367
836 3704287 5360
837 3709647 2443
838 3712090 7886
839 3719976 2384
840 3722360 914
841 3723274 844
842 3724118 1631
843 3725749 2236
844 3727985 7150
845 3735135 1632
846 3736767 4655
847 3741422 2421
848 3743843 3555
849 3747398 2674
850 3750072 6904
851 3756976 2301
852 3759277 3004
853 3762281 4576
854 3766857 2522
855 3769379 2875
856 3772254 1907
857 3774161 1249
858 3775410 4719
859 3780129 1610
860 3781739 963
861 3782702 1597
862 3784299 1776
863 3786075 4529
864 3790604 1672
865 3792276 2639
866 3794915 9104
867 3804019 1860
868 3805879 2588
869 3808467 9035
870 3817502 3536
871 3821038 6124
872 3827162 3366
873 3830528 2952
874 3833480 7838
875 3841318 1734
876 3843052 2201
877 3845253 1646
878 3846899 962
879 3847861 2386
880 3850247 1637
881 3851884 1730
882 3853614 14785
883 3868399 7184
884 3875583 3132
885 3878715 1678
886 3880393 1410
887 3881803 7653
888 3889456 1959
889 3891415 2114
890 3893529 1759
891 3895288 1679
892 3896967 2077
893 3899044 1141
894 3900185 1563
895 3901748 3040
896 3904788 989
897 3905777 581
898 3906358 1377
899 3907735 1633
900 3909368 1532
901 3910900 8816
902 3919716 7703
903 3927419 4081
904 3931500 2874
905 3934374 587
906 3934961 7429
907 3942390 3849
908 3946239 11789
909 3958028 4636
910 3962664 2494
911 3965158 3829
912 3968987 15074
913 3984061 6019
914 3990080 2567
915 3992647 196
916 3992843 2262
917 3995105 3775
918 3998880 2756
919 4001636 13187
920 4014823 7633
921 4022456 1874
922 4024330 2722
923 4027052 1891
924 4028943 1791
925 4030734 3324
926 4034058 2170
927 4036228 2951
928 4039179 1944
929 4041123 1794
930 4042917 2132
931 4045049 2773
932 4047822 2794
933 4050616 1901
934 4052517 2512
935 4055029 3243
936 4058272 2134
937 4060406 1863
938 4062269 1726
939 4063995 2044
940 4066039 4342
941 4070381 3834
942 4074215 3654
943 4077869 2897
944 4080766 2400
945 4083166 2515
946 4085681 2280
947 4087961 2309
948 4090270 211
949 4090481 5699
950 4096180 9504
951 4105684 2586
952 4108270 856
953 4109126 4366
954 4113492 6988
955 4120480 196
956 4120676 3083
957 4123759 2584
958 4126343 2327
959 4128670 2540
960 4131210 3473
961 4134683 4258
962 4138941 2511
963 4141452 4856
964 4146308 2701
965 4149009 8066
966 4157075 2677
967 4159752 6070
968 4165822 2394
969 4168216 1208
970 4169424 17277
971 4186701 9529
972 4196230 2897
973 4199127 3176
974 4202303 5753
975 4208056 3389
976 4211445 1915
977 4213360 2980
978 4216340 4360
979 4220700 4128
980 4224828 3686
981 4228514 2942
982 4231456 23730
983 4255186 10822
984 4266008 15758
985 4281766 29814
986 4311580 3673
987 4315253 3741
988 4318994 2313
989 4321307 1937
990 4323244 2406
991 4325650 3328
992 4328978 2357
993 4331335 2409
994 4333744 19518
995 4353262 8238
996 4361500 4337
997 4365837 4430
998 4370267 4060
999 4374327 1501
1000 4375828 4430
1001 4380258 1344
1002 4381602 1162
1003 4382764 1454
1004 4384218 7269
1005 4391487 2148
1006 4393635 17616
1007 4411251 8647
1008 4419898 5584
1009 4425482 3987
1010 4429469 3556
1011 4433025 2014
1012 4435039 15831
1013 4450870 4374
1014 4455244 1130
1015 4456374 1908
1016 4458282 1337
1017 4459619 7957
1018 4467576 5092
1019 4472668 6771
1020 4479439 1784
1021 4481223 7984
1022 4489207 7409
1023 4496616 8323
1024 4504939 4873
1025 4509812 6525
1026 4516337 14939
1027 4531276 7324
1028 4538600 5002
1029 4543602 1345
1030 4544947 1540
1031 4546487 2122
1032 4548609 1322
1033 4549931 723
1034 4550654 6210
1035 4556864 2101
1036 4558965 7979
1037 4566944 4110
1038 4571054 1837
1039 4572891 5170
1040 4578061 5403
1041 4583464 8977
1042 4592441 4642
1043 4597083 9313
1044 4606396 3729
1045 4610125 1049
1046 4611174 1394
1047 4612568 8890
1048 4621458 276
1049 4621734 1691
1050 4623425 673
1051 4624098 1449
1052 4625547 12224
1053 4637771 7924
1054 4645695 4041
1055 4649736 4940
1056 4654676 4416
1057 4659092 8636
1058 4667728 2187
1059 4669915 5315
1060 4675230 2883
1061 4678113 3115
1062 4681228 1684
1063 4682912 7944
1064 4690856 3651
1065 4694507 13804
1066 4708311 3228
1067 4711539 3840
1068 4715379 4263
1069 4719642 11231
1070 4730873 911
1071 4731784 7933
1072 4739717 6211
1073 4745928 793
1074 4746721 5641
1075 4752362 15192
1076 4767554 813
1077 4768367 6026
1078 4774393 563
1079 4774956 5213
1080 4780169 7790
1081 4787959 1334
1082 4789293 4342
1083 4793635 608
1084 4794243 8857
1085 4803100 1245
1086 4804345 717
1087 4805062 3176
1088 4808238 722
1089 4808960 6132
1090 4815092 6259
1091 4821351 5686
1092 4827037 10371
1093 4837408 3729
1094 4841137 1424
1095 4842561 2033
1096 4844594 9341
1097 4853935 4162
1098 4858097 6325
1099 4864422 2924
1100 4867346 6038
1101 4873384 6013
1102 4879397 1654
1103 4881051 6387
1104 4887438 3152
1105 4890590 6561
1106 4897151 8795
1107 4905946 1271
1108 4907217 2860
1109 4910077 1669
1110 4911746 3239
1111 4914985 5845
1112 4920830 6638
1113 4927468 6158
1114 4933626 6182
1115 4939808 9424
1116 4949232 9440
1117 4958672 1130
1118 4959802 686
1119 4960488 1108
1120 4961596 3740
1121 4965336 635
1122 4965971 5497
1123 4971468 1344
1124 4972812 2776
1125 4975588 2309
1126 4977897 5297
1127 4983194 12077
1128 4995271 2470
1129 4997741 25530
1130 5023271 3654
1131 5026925 3954
1132 5030879 12296
1133 5043175 4191
1134 5047366 3840
1135 5051206 14523
1136 5065729 12139
1137 5077868 3613
1138 5081481 1481
1139 5082962 8864
1140 5091826 1706
1141 5093532 650
1142 5094182 3139
1143 5097321 2742
1144 5100063 5643
1145 5105706 9385
1146 5115091 3961
1147 5119052 1072
1148 5120124 1641
1149 5121765 5432
1150 5127197 4535
1151 5131732 4434
1152 5136166 4332
1153 5140498 1826
1154 5142324 4319
1155 5146643 3607
1156 5150250 6096
1157 5156346 4153
1158 5160499 1095
1159 5161594 726
1160 5162320 8680
1161 5171000 3861
1162 5174861 6788
1163 5181649 1467
1164 5183116 2457
1165 5185573 1077
1166 5186650 995
1167 5187645 985
1168 5188630 5298
1169 5193928 10742
1170 5204670 735
1171 5205405 655
1172 5206060 3952
1173 5210012 9796
1174 5219808 1202
1175 5221010 3054
1176 5224064 758
1177 5224822 530
1178 5225352 605
1179 5225957 970
1180 5226927 703
1181 5227630 1698
1182 5229328 12165
1183 5241493 4264
1184 5245757 11070
1185 5256827 3561
1186 5260388 3998
1187 5264386 4000
1188 5268386 4222
1189 5272608 16819
1190 5289427 1998
1191 5291425 14175
1192 5305600 8870
1193 5314470 8044
1194 5322514 4755
1195 5327269 11135
1196 5338404 3350
1197 5341754 4909
1198 5346663 4485
1199 5351148 24347
1200 5375495 2003
1201 5377498 4915
1202 5382413 4863
1203 5387276 4971
1204 5392247 4191
1205 5396438 3989
1206 5400427 3348
1207 5403775 23973
1208 5427748 1947
1209 5429695 4641
1210 5434336 5204
1211 5439540 15535
1212 5455075 1849
1213 5456924 5043
1214 5461967 5577
1215 5467544 3189
1216 5470733 6311
1217 5477044 7247
1218 5484291 33365
1219 5517656 1924
1220 5519580 4369
1221 5523949 5672
1222 5529621 4109
1223 5533730 2192
1224 5535922 20976
1225 5556898 5117
1226 5562015 4642
1227 5566657 4280
1228 5570937 2171
1229 5573108 4429
1230 5577537 4212
1231 5581749 5505
1232 5587254 4266
1233 5591520 22027
1234 5613547 4632
1235 5618179 3797
1236 5621976 4958
1237 5626934 2093
1238 5629027 4498
1239 5633525 5278
1240 5638803 5402
1241 5644205 3088
1242 5647293 5064
1243 5652357 5527
1244 5657884 6095
1245 5663979 3406
1246 5667385 5061
1247 5672446 4601
1248 5677047 4715
1249 5681762 3630
1250 5685392 6725
1251 5692117 4730
1252 5696847 4358
1253 5701205 2261
1254 5703466 24560
1255 5728026 4716
1256 5732742 4946
1257 5737688 9297
1258 5746985 10207
1259 5757192 4116
1260 5761308 4283
1261 5765591 3795
1262 5769386 5795
1263 5775181 23853
1264 5799034 2282
1265 5801316 5090
1266 5806406 5051
1267 5811457 5350
1268 5816807 3875
1269 5820682 3237
1270 5823919 3708
1271 5827627 4545
1272 5832172 4795
1273 5836967 18622
1274 5855589 2302
1275 5857891 4654
1276 5862545 7915
1277 5870460 7676
1278 5878136 2805
1279 5880941 4957
1280 5885898 7372
1281 5893270 5001
1282 5898271 23373
1283 5921644 2267
1284 5923911 3666
1285 5927577 6497
1286 5934074 4662
1287 5938736 4832
1288 5943568 3377
1289 5946945 15285
1290 5962230 4678
1291 5966908 3903
1292 5970811 4031
1293 5974842 2108
1294 5976950 4555
1295 5981505 8921
1296 5990426 4034
1297 5994460 4451
1298 5998911 4456
1299 6003367 2965
1300 6006332 8862
1301 6015194 8052
1302 6023246 2336
1303 6025582 3623
1304 6029205 5080
1305 6034285 5079
1306 6039364 4829
1307 6044193 18622
1308 6062815 4722
1309 6067537 6282
1310 6073819 2688
1311 6076507 3375
1312 6079882 5101
1313 6084983 2756
1314 6087739 10823
1315 6098562 4407
1316 6102969 21952
1317 6124921 2477
1318 6127398 4445
1319 6131843 4280
1320 6136123 5126
1321 6141249 2535
1322 6143784 4290
1323 6148074 3644
1324 6151718 4265
1325 6155983 6094
1326 6162077 26398
1327 6188475 2483
1328 6190958 5242
1329 6196200 5065
1330 6201265 15736
1331 6217001 2126
1332 6219127 2479
1333 6221606 4030
1334 6225636 3112
1335 6228748 4082
1336 6232830 3517
1337 6236347 10788
1338 6247135 10339
1339 6257474 5361
1340 6262835 12950
1341 6275785 6465
1342 6282250 4828
1343 6287078 31506
1344 6318584 2221
1345 6320805 13005
1346 6333810 10824
1347 6344634 7081
1348 6351715 3586
1349 6355301 12350
1350 6367651 4375
1351 6372026 2863
1352 6374889 8288
1353 6383177 2621
1354 6385798 3233
1355 6389031 2201
1356 6391232 4283
1357 6395515 16168
1358 6411683 2292
1359 6413975 4244
1360 6418219 7168
1361 6425387 4301
1362 6429688 1928
1363 6431616 5524
1364 6437140 21384
1365 6458524 2285
1366 6460809 1910
1367 6462719 2373
1368 6465092 2714
1369 6467806 18330
1370 6486136 4239
1371 6490375 6549
1372 6496924 9684
1373 6506608 4637
1374 6511245 4418
1375 6515663 3781
1376 6519444 1900
1377 6521344 6651
1378 6527995 2633
1379 6530628 4954
1380 6535582 3242
1381 6538824 7033
1382 6545857 3473
1383 6549330 4827
1384 6554157 6936
1385 6561093 4499
1386 6565592 5576
1387 6571168 4301
1388 6575469 2186
1389 6577655 22181
1390 6599836 4623
1391 6604459 3764
1392 6608223 13417
1393 6621640 2016
1394 6623656 2047
1395 6625703 2113
1396 6627816 2904
1397 6630720 1706
1398 6632426 19235
1399 6651661 4475
1400 6656136 3772
1401 6659908 4665
1402 6664573 2628
1403 6667201 2463
1404 6669664 2238
1405 6671902 2913
1406 6674815 2365
1407 6677180 2932
1408 6680112 22538
1409 6702650 4497
1410 6707147 7236
1411 6714383 2263
1412 6716646 4042
1413 6720688 1973
1414 6722661 1983
1415 6724644 3735
1416 6728379 6097
1417 6734476 5727
1418 6740203 4340
1419 6744543 4589
1420 6749132 5253
1421 6754385 3746
1422 6758131 4688
1423 6762819 4472
1424 6767291 24307
1425 6791598 2240
1426 6793838 4085
1427 6797923 4111
1428 6802034 4606
1429 6806640 2594
1430 6809234 2253
1431 6811487 2429
1432 6813916 2414
1433 6816330 2791
1434 6819121 16448
1435 6835569 4453
1436 6840022 4449
1437 6844471 2070
1438 6846541 8277
1439 6854818 2399
1440 6857217 2840
1441 6860057 2796
1442 6862853 2808
1443 6865661 20259
1444 6885920 5366
1445 6891286 4145
1446 6895431 10014
1447 6905445 10751
1448 6916196 2303
1449 6918499 4522
1450 6923021 2840
1451 6925861 5147
1452 6931008 3937
1453 6934945 6462
1454 6941407 6670
1455 6948077 3394
1456 6951471 4159
1457 6955630 3130
1458 6958760 4724
1459 6963484 1903
1460 6965387 5072
1461 6970459 23505
1462 6993964 2195
1463 6996159 3986
1464 7000145 4233
1465 7004378 203
1466 7004581 2379
1467 7006960 15494
1468 7022454 2269
1469 7024723 3122
1470 7027845 4113
1471 7031958 2632
1472 7034590 2463
1473 7037053 21142
1474 7058195 4167
1475 7062362 16296
1476 7078658 4007
1477 7082665 2254
1478 7084919 4245
1479 7089164 16967
1480 7106131 4548
1481 7110679 2080
1482 7112759 12807
1483 7125566 9608
1484 7135174 5218
1485 7140392 5504
1486 7145896 2913
1487 7148809 4206
1488 7153015 8869
1489 7161884 5563
1490 7167447 5036
1491 7172483 7023
1492 7179506 6696
1493 7186202 6581
1494 7192783 5123
1495 7197906 29057
1496 7226963 3265
1497 7230228 3931
1498 7234159 5485
1499 7239644 2635
1500 7242279 7562
1501 7249841 1918
1502 7251759 2289
1503 7254048 2994
1504 7257042 4353
1505 7261395 2982
1506 7264377 2656
1507 7267033 3774
1508 7270807 2907
1509 7273714 20960
1510 7294674 5627
1511 7300301 7337
1512 7307638 4154
1513 7311792 4596
1514 7316388 1897
1515 7318285 6134
1516 7324419 2855
1517 7327274 2454
1518 7329728 2211
1519 7331939 3045
1520 7334984 13518
1521 7348502 4226
1522 7352728 4613
1523 7357341 1810
1524 7359151 4449
1525 7363600 5507
1526 7369107 2261
1527 7371368 2387
1528 7373755 4585
1529 7378340 3523
1530 7381863 8946
1531 7390809 7427
1532 7398236 4031
1533 7402267 5222
1534 7407489 2984
1535 7410473 15712
1536 7426185 4990
1537 7431175 5944
1538 7437119 4354
1539 7441473 2243
1540 7443716 2666
1541 7446382 2026
1542 7448408 2815
1543 7451223 2436
1544 7453659 12662
1545 7466321 4730
1546 7471051 4785
1547 7475836 7243
1548 7483079 2008
1549 7485087 6112
1550 7491199 12243
1551 7503442 5845
1552 7509287 5250
1553 7514537 2224
1554 7516761 7317
1555 7524078 2242
1556 7526320 3104
1557 7529424 2474
1558 7531898 2685
1559 7534583 17194
1560 7551777 4071
1561 7555848 5183
1562 7561031 2318
1563 7563349 2294
1564 7565643 6329
1565 7571972 7106
1566 7579078 4507
1567 7583585 3552
1568 7587137 1871
1569 7589008 3996
1570 7593004 4448
1571 7597452 2673
1572 7600125 4302
1573 7604427 5089
1574 7609516 2152
1575 7611668 22080
1576 7633748 3942
1577 7637690 3665
1578 7641355 4063
1579 7645418 2768
1580 7648186 2418
1581 7650604 16748
1582 7667352 4972
1583 7672324 3241
1584 7675565 2163
1585 7677728 1592
1586 7679320 2493
1587 7681813 3471
1588 7685284 14263
1589 7699547 3815
1590 7703362 12780
1591 7716142 4553
1592 7720695 3354
1593 7724049 2103
1594 7726152 5261
1595 7731413 1944
1596 7733357 2425
1597 7735782 3020
1598 7738802 14716
1599 7753518 3709
1600 7757227 4565
1601 7761792 3479
1602 7765271 2448
1603 7767719 2781
1604 7770500 4559
1605 7775059 8112
1606 7783171 6577
1607 7789748 9247
1608 7798995 3506
1609 7802501 3662
1610 7806163 3880
1611 7810043 2236
1612 7812279 7577
1613 7819856 21216
1614 7841072 9698
1615 7850770 6959
1616 7857729 5090
1617 7862819 5129
1618 7867948 5917
1619 7873865 5862
1620 7879727 5956
1621 7885683 3552
1622 7889235 4306
1623 7893541 4716
1624 7898257 4609
1625 7902866 4998
1626 7907864 4725
1627 7912589 2408
1628 7914997 2261
1629 7917258 4634
1630 7921892 21430
1631 7943322 1435
1632 7944757 1298
1633 7946055 5472
1634 7951527 1244
1635 7952771 1957
1636 7954728 2661
1637 7957389 2406
1638 7959795 1205
1639 7961000 1130
1640 7962130 6775
1641 7968905 3121
1642 7972026 2598
1643 7974624 5109
1644 7979733 1901
1645 7981634 2513
1646 7984147 4634
1647 7988781 4603
1648 7993384 4387
1649 7997771 3081
1650 8000852 7645
1651 8008497 5767
1652 8014264 3507
1653 8017771 3326
1654 8021097 2330
1655 8023427 3386
1656 8026813 2147
1657 8028960 2012
1658 8030972 9108
1659 8040080 5379
1660 8045459 7253
1661 8052712 5243
1662 8057955 4650
1663 8062605 7974
1664 8070579 11576
1665 8082155 6123
1666 8088278 1413
1667 8089691 1832
1668 8091523 970
1669 8092493 5222
1670 8097715 2917
1671 8100632 663
1672 8101295 4126
1673 8105421 808
1674 8106229 3105
1675 8109334 726
1676 8110060 907
1677 8110967 4170
1678 8115137 3624
1679 8118761 1262
1680 8120023 1776
1681 8121799 1135
1682 8122934 1623
1683 8124557 864
1684 8125421 2434
1685 8127855 4371
1686 8132226 4673
1687 8136899 1003
1688 8137902 2236
1689 8140138 959
1690 8141097 1966
1691 8143063 882
1692 8143945 1197
1693 8145142 1487
1694 8146629 560
1695 8147189 3965
1696 8151154 1419
1697 8152573 4753
1698 8157326 2445
1699 8159771 2071
1700 8161842 2492
1701 8164334 2237
1702 8166571 3479
1703 8170050 1671
1704 8171721 1129
1705 8172850 2555
1706 8175405 1990
1707 8177395 1889
1708 8179284 4279
1709 8183563 14152
1710 8197715 2109
1711 8199824 6353
1712 8206177 13423
1713 8219600 8919
1714 8228519 3645
1715 8232164 4552
1716 8236716 3579
1717 8240295 5499
1718 8245794 1662
1719 8247456 3925
1720 8251381 1854
1721 8253235 9548
1722 8262783 6431
1723 8269214 2446
1724 8271660 4368
1725 8276028 7506
1726 8283534 2049
1727 8285583 3671
1728 8289254 4180
1729 8293434 1073
1730 8294507 2177
1731 8296684 6213
1732 8302897 3528
1733 8306425 6690
1734 8313115 9888
1735 8323003 2172
1736 8325175 3663
1737 8328838 2323
1738 8331161 3696
1739 8334857 2932
1740 8337789 3726
1741 8341515 1621
1742 8343136 10093
1743 8353229 2141
1744 8355370 4951
1745 8360321 2387
1746 8362708 1514
1747 8364222 7749
1748 8371971 6602
1749 8378573 4360
1750 8382933 9347
1751 8392280 6246
1752 8398526 5660
1753 8404186 2818
1754 8407004 5584
1755 8412588 10369
1756 8422957 4296
1757 8427253 5876
1758 8433129 4622
1759 8437751 2246
1760 8439997 3353
1761 8443350 8852
1762 8452202 1804
1763 8454006 5710
1764 8459716 4028
1765 8463744 4031
1766 8467775 2609
1767 8470384 359
1768 8470743 1857
1769 8472600 7338
1770 8479938 4418
1771 8484356 2432
1772 8486788 1729
1773 8488517 3044
1774 8491561 3456
1775 8495017 2739
1776 8497756 5049
1777 8502805 1177
1778 8503982 1156
1779 8505138 3067
1780 8508205 7451
1781 8515656 7458
1782 8523114 1164
1783 8524278 5897
1784 8530175 1665
1785 8531840 2303
1786 8534143 4667
1787 8538810 1701
1788 8540511 3287
1789 8543798 1894
1790 8545692 1158
1791 8546850 2580
1792 8549430 664
1793 8550094 2746
1794 8552840 5058
1795 8557898 196
1796 8558094 1617
1797 8559711 2772
1798 8562483 4131
1799 8566614 1228
1800 8567842 1096
1801 8568938 1581
1802 8570519 1168
1803 8571687 1633
1804 8573320 820
1805 8574140 872
1806 8575012 3706
1807 8578718 825
1808 8579543 3060
1809 8582603 7797
1810 8590400 2512
1811 8592912 1484
1812 8594396 3100
1813 8597496 1144
1814 8598640 2645
1815 8601285 2320
1816 8603605 1332
1817 8604937 1024
1818 8605961 3622
1819 8609583 2994
1820 8612577 1437
1821 8614014 8209
1822 8622223 1444
1823 8623667 2018
1824 8625685 941
1825 8626626 1636
1826 8628262 1601
1827 8629863 899
1828 8630762 2389
1829 8633151 9398
1830 8642549 3862
1831 8646411 2635
1832 8649046 2685
1833 8651731 1885
1834 8653616 1341
1835 8654957 6991
1836 8661948 1513
1837 8663461 1016
1838 8664477 1016
1839 8665493 1016
1840 8666509 1016
1841 8667525 1016
1842 8668541 1016
1843 8669557 1016
1844 8670573 1016
1845 8671589 1016
1846 8672605 782
1847 8673387 1109
1848 8674496 8034
1849 8682530 5508
1850 8688038 1287
1851 8689325 1962
1852 8691287 4634
1853 8695921 6740
1854 8702661 7919
1855 8710580 3672
1856 8714252 5353
1857 8719605 1192
1858 8720797 8774
1859 8729571 5861
1860 8735432 2058
1861 8737490 4422
1862 8741912 1925
1863 8743837 9026
1864 8752863 2392
1865 8755255 1243
1866 8756498 2896
1867 8759394 2152
1868 8761546 3006
1869 8764552 2545
1870 8767097 1486
1871 8768583 3392
1872 8771975 1627
1873 8773602 6235
1874 8779837 2425
1875 8782262 2103
1876 8784365 4942
1877 8789307 8514
1878 8797821 5084
1879 8802905 1271
1880 8804176 1434
1881 8805610 2437
1882 8808047 2313
1883 8810360 1787
1884 8812147 3484
1885 8815631 3901
1886 8819532 435
1887 8819967 9468
1888 8829435 2412
1889 8831847 2051
1890 8833898 2373
1891 8836271 2651
1892 8838922 7824
1893 8846746 5028
1894 8851774 5761
1895 8857535 4446
1896 8861981 2463
1897 8864444 2443
1898 8866887 7220
1899 8874107 8331
1900 8882438 596
1901 8883034 2748
1902 8885782 3193
1903 8888975 1086
1904 8890061 1771
1905 8891832 1888
1906 8893720 515
1907 8894235 482
1908 8894717 598
1909 8895315 2570
1910 8897885 2505
1911 8900390 1917
1912 8902307 5665
1913 8907972 1991
1914 8909963 3762
1915 8913725 7985
1916 8921710 4147
1917 8925857 2334
1918 8928191 1571
1919 8929762 3000
1920 8932762 1770
1921 8934532 8121
1922 8942653 1695
1923 8944348 5562
1924 8949910 2546
1925 8952456 8475
1926 8960931 7303
1927 8968234 2410
1928 8970644 1460
1929 8972104 1639
1930 8973743 2670
1931 8976413 2572
1932 8978985 2247
1933 8981232 3058
1934 8984290 2066
1935 8986356 2981
1936 8989337 6855
1937 8996192 6341
1938 9002533 6781
1939 9009314 6658
1940 9015972 3937
1941 9019909 7998
1942 9027907 7681
1943 9035588 3114
1944 9038702 1796
1945 9040498 2968
1946 9043466 1546
1947 9045012 3021
1948 9048033 3433
1949 9051466 1844
1950 9053310 1524
1951 9054834 4749
1952 9059583 1736
1953 9061319 1501
1954 9062820 2459
1955 9065279 3612
1956 9068891 2031
1957 9070922 1457
1958 9072379 2801
1959 9075180 7581
1960 9082761 3274
1961 9086035 3589
1962 9089624 8784
1963 9098408 3725
1964 9102133 2804
1965 9104937 2189
1966 9107126 3542
1967 9110668 3483
1968 9114151 2061
1969 9116212 1581
1970 9117793 1792
1971 9119585 6329
1972 9125914 3186
1973 9129100 2231
1974 9131331 1854
1975 9133185 3400
1976 9136585 5476
1977 9142061 1996
1978 9144057 4117
1979 9148174 2708
1980 9150882 3664
1981 9154546 1739
1982 9156285 1531
1983 9157816 1518
1984 9159334 1616
1985 9160950 3610
1986 9164560 2718
1987 9167278 3952
1988 9171230 2367
1989 9173597 2386
1990 9175983 2567
1991 9178550 2368
1992 9180918 2476
1993 9183394 21924
1994 9205318 3187
1995 9208505 3576
1996 9212081 6289
1997 9218370 3081
1998 9221451 3291
1999 9224742 3402
2000 9228144 5184
2001 9233328 1602
2002 9234930 2583
2003 9237513 3405
2004 9240918 2444
2005 9243362 1076
2006 9244438 2353
2007 9246791 5065
2008 9251856 4199
2009 9256055 3006
2010 9259061 3761
2011 9262822 2631
2012 9265453 5399
2013 9270852 2520
2014 9273372 3750
2015 9277122 1094
2016 9278216 5113
2017 9283329 1421
2018 9284750 1207
2019 9285957 2038
2020 9287995 7257
2021 9295252 3316
2022 9298568 2530
2023 9301098 4953
2024 9306051 6532
2025 9312583 4690
2026 9317273 4134
2027 9321407 3540
2028 9324947 2979
2029 9327926 8530
2030 9336456 3978
2031 9340434 7450
2032 9347884 37733
2033 9385617 5292
2034 9390909 17678
2035 9408587 5277
2036 9413864 2765
2037 9416629 10434
2038 9427063 3741
2039 9430804 4638
2040 9435442 5348
2041 9440790 4818
2042 9445608 5187
2043 9450795 6691
2044 9457486 6426
2045 9463912 4628
2046 9468540 4100
2047 9472640 8863
2048 9481503 8291
2049 9489794 5361
2050 9495155 4238
2051 9499393 7298
2052 9506691 7806
2053 9514497 5606
2054 9520103 5283
2055 9525386 4415
2056 9529801 4900
2057 9534701 4246
2058 9538947 4278
2059 9543225 5266
2060 9548491 1233
2061 9549724 3961
2062 9553685 19560
2063 9573245 3698
2064 9576943 6325
2065 9583268 4650
2066 9587918 2789
2067 9590707 3460
2068 9594167 3889
2069 9598056 3441
2070 9601497 4254
2071 9605751 11786
2072 9617537 4145
2073 9621682 8088
2074 9629770 7683
2075 9637453 7841
2076 9645294 7196
2077 9652490 1627
2078 9654117 5194
2079 9659311 16160
2080 9675471 4554
2081 9680025 9224
2082 9689249 5250
2083 9694499 4129
2084 9698628 4732
2085 9703360 3971
2086 9707331 10359
2087 9717690 5533
2088 9723223 4084
2089 9727307 3100
2090 9730407 3724
2091 9734131 3890
2092 9738021 3292
2093 9741313 3402
2094 9744715 18229
2095 9762944 4759
2096 9767703 5314
2097 9773017 3331
2098 9776348 11384
2099 9787732 7819
2100 9795551 19395
2101 9814946 5395
2102 9820341 1206
2103 9821547 2126
2104 9823673 2817
2105 9826490 3648
2106 9830138 19194
2107 9849332 19542
2108 9868874 4304
2109 9873178 4255
2110 9877433 3479
2111 9880912 12411
2112 9893323 6678
2113 9900001 25272
2114 9925273 11096
2115 9936369 7037
2116 9943406 1527
2117 9944933 5890
2118 9950823 6294
2119 9957117 23529
2120 9980646 1560
2121 9982206 2804
2122 9985010 2805
2123 9987815 2692
2124 9990507 1244
2125 9991751 1098
2126 9992849 855
2127 9993704 975
2128 9994679 990
2129 9995669 2352
2130 9998021 1734
2131 9999755 1143
2132 10000898 897
2133 10001795 1128
2134 10002923 1350
2135 10004273 993
2136 10005266 1942
2137 10007208 2612
2138 10009820 1266
2139 10011086 2733
2140 10013819 2809
2141 10016628 2953
2142 10019581 1023
2143 10020604 3505
2144 10024109 2473
2145 10026582 4238
2146 10030820 3286
2147 10034106 5763
2148 10039869 3273
2149 10043142 892
2150 10044034 2287
2151 10046321 4502
2152 10050823 783
2153 10051606 5694
2154 10057300 1224
2155 10058524 5923
2156 10064447 846
2157 10065293 1581
2158 10066874 844
2159 10067718 3215
2160 10070933 6271
2161 10077204 806
2162 10078010 3368
2163 10081378 3957
2164 10085335 1244
2165 10086579 1078
2166 10087657 1797
2167 10089454 1530
2168 10090984 2489
2169 10093473 2489
2170 10095962 1743
2171 10097705 1374
2172 10099079 2899
2173 10101978 2430
2174 10104408 1563
2175 10105971 1855
2176 10107826 1076
2177 10108902 948
2178 10109850 3351
2179 10113201 1953
2180 10115154 1924
2181 10117078 2217
2182 10119295 1949
2183 10121244 3008
2184 10124252 1740
2185 10125992 3096
2186 10129088 3685
2187 10132773 511
2188 10133284 1076
2189 10134360 781
2190 10135141 2512
2191 10137653 1029
2192 10138682 2197
2193 10140879 1823
2194 10142702 1413
2195 10144115 696
2196 10144811 1639
2197 10146450 2468
2198 10148918 1528
2199 10150446 2239
2200 10152685 2337
2201 10155022 2196
2202 10157218 1039
2203 10158257 2441
2204 10160698 1380
2205 10162078 4032
2206 10166110 2067
2207 10168177 1770
2208 10169947 4144
2209 10174091 524
2210 10174615 809
2211 10175424 2511
2212 10177935 4102
2213 10182037 3474
2214 10185511 891
2215 10186402 3461
2216 10189863 1192
2217 10191055 2353
2218 10193408 2579
2219 10195987 5010
2220 10200997 9514
2221 10210511 1644
2222 10212155 617
2223 10212772 602
2224 10213374 2869
2225 10216243 1829
2226 10218072 2267
2227 10220339 3056
2228 10223395 2882
2229 10226277 2934
2230 10229211 2947
2231 10232158 2384
2232 10234542 2426
2233 10236968 2472
2234 10239440 855
2235 10240295 1591
2236 10241886 5722
2237 10247608 2511
2238 10250119 1275
2239 10251394 2039
2240 10253433 1562
2241 10254995 2876
2242 10257871 5664
2243 10263535 1159
2244 10264694 2773
2245 10267467 1802
2246 10269269 1201
2247 10270470 1079
2248 10271549 1730
2249 10273279 5952
2250 10279231 1767
2251 10280998 3386
2252 10284384 1539
2253 10285923 588
2254 10286511 2656
2255 10289167 869
2256 10290036 5602
2257 10295638 5097
2258 10300735 1559
2259 10302294 734
2260 10303028 763
2261 10303791 2431
2262 10306222 5673
2263 10311895 3605
2264 10315500 3575
2265 10319075 3533
2266 10322608 3682
2267 10326290 3710
2268 10330000 3914
2269 10333914 3656
2270 10337570 3680
2271 10341250 3617
2272 10344867 3656
2273 10348523 3674
2274 10352197 620
2275 10352817 5763
2276 10358580 574
2277 10359154 2805
2278 10361959 2792
2279 10364751 1049
2280 10365800 1240
2281 10367040 7365
2282 10374405 1433
2283 10375838 2233
2284 10378071 2078
2285 10380149 1415
2286 10381564 890
2287 10382454 1660
2288 10384114 2573
2289 10386687 1908
2290 10388595 16550
2291 10405145 1520
2292 10406665 4760
2293 10411425 2106
2294 10413531 2739
2295 10416270 6067
2296 10422337 537
2297 10422874 4020
2298 10426894 2009
2299 10428903 1195
2300 10430098 4596
2301 10434694 847
2302 10435541 2113
2303 10437654 1888
2304 10439542 4126
2305 10443668 4669
2306 10448337 8986
2307 10457323 3999
2308 10461322 2649
2309 10463971 838
2310 10464809 803
2311 10465612 881
2312 10466493 1017
2313 10467510 8265
2314 10475775 4163
2315 10479938 3171
2316 10483109 12717
2317 10495826 4403
2318 10500229 2310
2319 10502539 2416
2320 10504955 644
2321 10505599 1276
2322 10506875 9705
2323 10516580 21558
2324 10538138 867
2325 10539005 3453
2326 10542458 3726
2327 10546184 1390
2328 10547574 1035
2329 10548609 5558
2330 10554167 1204
2331 10555371 861
2332 10556232 10508
2333 10566740 1318
2334 10568058 17053
2335 10585111 9249
2336 10594360 2764
2337 10597124 1280
2338 10598404 4466
2339 10602870 5817
2340 10608687 996
2341 10609683 731
2342 10610414 2289
2343 10612703 7923
2344 10620626 3241
2345 10623867 1798
2346 10625665 498
2347 10626163 1493
2348 10627656 2260
2349 10629916 3741
2350 10633657 5717
2351 10639374 1281
2352 10640655 3082
2353 10643737 1202
2354 10644939 1276
2355 10646215 1050
2356 10647265 5404
2357 10652669 911
2358 10653580 4260
2359 10657840 323
2360 10658163 8631
2361 10666794 3517
2362 10670311 1555
2363 10671866 1295
2364 10673161 6151
2365 10679312 3889
2366 10683201 1183
2367 10684384 2848
2368 10687232 2601
2369 10689833 1738
2370 10691571 4063
2371 10695634 12472
2372 10708106 1431
2373 10709537 3976
2374 10713513 3506
2375 10717019 1315
2376 10718334 1050
2377 10719384 3884
2378 10723268 6665
2379 10729933 1574
2380 10731507 1476
2381 10732983 1426
2382 10734409 2348
2383 10736757 2140
2384 10738897 1697
2385 10740594 1720
2386 10742314 1117
2387 10743431 1592
2388 10745023 754
2389 10745777 6739
2390 10752516 8051
2391 10760567 1427
2392 10761994 1045
2393 10763039 4557
2394 10767596 2360
2395 10769956 1127
2396 10771083 6293
2397 10777376 1759
2398 10779135 7470
2399 10786605 2153
2400 10788758 6214
2401 10794972 3886
2402 10798858 1347
2403 10800205 8131
2404 10808336 6657
2405 10814993 9218
2406 10824211 3551
2407 10827762 2191
2408 10829953 3333
2409 10833286 4610
2410 10837896 1667
2411 10839563 5099
2412 10844662 7723
2413 10852385 10769
2414 10863154 1795
2415 10864949 7095
2416 10872044 3564
2417 10875608 7728
2418 10883336 464
2419 10883800 5135
2420 10888935 2458
2421 10891393 3027
2422 10894420 3866
2423 10898286 753
2424 10899039 873
2425 10899912 5536
2426 10905448 1481
2427 10906929 2130
2428 10909059 2608
2429 10911667 3651
2430 10915318 3207
2431 10918525 2071
2432 10920596 4748
2433 10925344 9813
2434 10935157 582
2435 10935739 3144
2436 10938883 3402
2437 10942285 3751
2438 10946036 6085
2439 10952121 9795
2440 10961916 2055
2441 10963971 1602
2442 10965573 3066
2443 10968639 5549
2444 10974188 3646
2445 10977834 1956
2446 10979790 4376
2447 10984166 1363
2448 10985529 9412
2449 10994941 4461
2450 10999402 2570
2451 11001972 3558
2452 11005530 1642
2453 11007172 1456
2454 11008628 1492
2455 11010120 4692
2456 11014812 2848
2457 11017660 8336
2458 11025996 7620
2459 11033616 5280
2460 11038896 2983
2461 11041879 7000
2462 11048879 1164
2463 11050043 2791
2464 11052834 2563
2465 11055397 1935
2466 11057332 2304
2467 11059636 522
2468 11060158 5715
2469 11065873 512
2470 11066385 2020
2471 11068405 6467
2472 11074872 5741
2473 11080613 2459
2474 11083072 3021
2475 11086093 8776
2476 11094869 3538
2477 11098407 3020
2478 11101427 8889
2479 11110316 4000
2480 11114316 3359
2481 11117675 3597
2482 11121272 1429
2483 11122701 4453
2484 11127154 1021
2485 11128175 1771
2486 11129946 5464
2487 11135410 2061
2488 11137471 1790
2489 11139261 15755
2490 11155016 5702
2491 11160718 2232
2492 11162950 2595
2493 11165545 5270
2494 11170815 3861
2495 11174676 13331
2496 11188007 3757
2497 11191764 1817
2498 11193581 3514
2499 11197095 6389
2500 11203484 2913
2501 11206397 523
2502 11206920 4650
2503 11211570 4514
2504 11216084 2696
2505 11218780 4696
2506 11223476 2120
2507 11225596 725
2508 11226321 3270
2509 11229591 3673
2510 11233264 6246
2511 11239510 1458
2512 11240968 2672
2513 11243640 2064
2514 11245704 3056
2515 11248760 1581
2516 11250341 8406
2517 11258747 3419
2518 11262166 3329
2519 11265495 7822
2520 11273317 8050
2521 11281367 8437
2522 11289804 5583
2523 11295387 7183
2524 11302570 6997
2525 11309567 1765
2526 11311332 6327
2527 11317659 8765
2528 11326424 3763
2529 11330187 2706
2530 11332893 2346
2531 11335239 3786
2532 11339025 4728
2533 11343753 4184
2534 11347937 6926
2535 11354863 8325
2536 11363188 8262
2537 11371450 5290
2538 11376740 7568
2539 11384308 6466
2540 11390774 3367
2541 11394141 2807
2542 11396948 1034
2543 11397982 2995
2544 11400977 10341
2545 11411318 7436
2546 11418754 7497
2547 11426251 1006
2548 11427257 2904
2549 11430161 1747
2550 11431908 7980
2551 11439888 6906
2552 11446794 3997
2553 11450791 991
2554 11451782 9420
2555 11461202 9509
2556 11470711 2635
2557 11473346 3721
2558 11477067 5583
2559 11482650 14547
2560 11497197 2998
2561 11500195 4438
2562 11504633 7740
2563 11512373 6342
2564 11518715 2454
2565 11521169 3835
2566 11525004 3786
2567 11528790 1812
2568 11530602 3333
2569 11533935 4937
2570 11538872 2181
2571 11541053 1065
2572 11542118 1322
2573 11543440 3906
2574 11547346 954
2575 11548300 3468
2576 11551768 3278
2577 11555046 3597
2578 11558643 3211
2579 11561854 2417
2580 11564271 951
2581 11565222 1211
2582 11566433 7954
2583 11574387 6810
2584 11581197 4409
2585 11585606 7151
2586 11592757 978
2587 11593735 3257
2588 11596992 8918
2589 11605910 2115
2590 11608025 6181
2591 11614206 6189
2592 11620395 1101
2593 11621496 769
2594 11622265 6596
2595 11628861 3522
2596 11632383 2621
2597 11635004 988
2598 11635992 5226
2599 11641218 1268
2600 11642486 14425
2601 11656911 1068
2602 11657979 1286
2603 11659265 6686
2604 11665951 6054
2605 11672005 8825
2606 11680830 11110
2607 11691940 2013
2608 11693953 6290
2609 11700243 5420
2610 11705663 7545
2611 11713208 199
2612 11713407 234
2613 11713641 258
2614 11713899 187
2615 11714086 220
2616 11714306 198
2617 11714504 243
2618 11714747 5730
2619 11720477 1184
2620 11721661 4860
2621 11726521 9640
2622 11736161 5357
2623 11741518 2906
2624 11744424 1971
2625 11746395 1936
2626 11748331 2302
2627 11750633 1803
2628 11752436 1397
2629 11753833 1481
2630 11755314 1526
2631 11756840 1616
2632 11758456 3434
2633 11761890 2530
2634 11764420 15152
2635 11779572 3267
2636 11782839 7909
2637 11790748 3665
2638 11794413 3410
2639 11797823 6108
2640 11803931 2515
2641 11806446 3675
2642 11810121 2718
2643 11812839 9292
2644 11822131 1377
2645 11823508 185
2646 11823693 4773
2647 11828466 1396
2648 11829862 1690
2649 11831552 1823
2650 11833375 2812
2651 11836187 8102
2652 11844289 7471
2653 11851760 3482
2654 11855242 9660
2655 11864902 1624
2656 11866526 933
2657 11867459 1643
2658 11869102 4120
2659 11873222 1013
2660 11874235 14922
2661 11889157 6434
2662 11895591 3466
2663 11899057 3476
2664 11902533 1195
2665 11903728 4774
2666 11908502 743
2667 11909245 482
2668 11909727 7633
2669 11917360 2816
2670 11920176 3614
2671 11923790 2694
2672 11926484 1194
2673 11927678 974
2674 11928652 2118
2675 11930770 244
2676 11931014 252
2677 11931266 11212
2678 11942478 4964
2679 11947442 5713
2680 11953155 1708
2681 11954863 831
2682 11955694 22005
2683 11977699 1451
2684 11979150 6451
2685 11985601 6289
2686 11991890 3702
2687 11995592 2056
2688 11997648 2131
2689 11999779 999
2690 12000778 5295
2691 12006073 1961
2692 12008034 1494
2693 12009528 1846
2694 12011374 1165
2695 12012539 1172
2696 12013711 6576
2697 12020287 3703
2698 12023990 993
2699 12024983 2420
2700 12027403 2170
2701 12029573 3201
2702 12032774 2533
2703 12035307 29567
2704 12064874 1090
2705 12065964 1706
2706 12067670 5072
2707 12072742 1229
2708 12073971 1613
2709 12075584 1694
2710 12077278 2372
2711 12079650 1641
2712 12081291 1553
2713 12082844 2566
2714 12085410 3165
2715 12088575 4529
2716 12093104 1748
2717 12094852 933
2718 12095785 1465
2719 12097250 2010
2720 12099260 1492
2721 12100752 1752
2722 12102504 1259
2723 12103763 1854
2724 12105617 1583
2725 12107200 823
2726 12108023 2711
2727 12110734 1822
2728 12112556 5974
2729 12118530 2660
2730 12121190 1359
2731 12122549 1170
2732 12123719 2681
2733 12126400 1420
2734 12127820 2307
2735 12130127 1432
2736 12131559 1303
2737 12132862 2148
2738 12135010 1493
2739 12136503 1707
2740 12138210 5061
2741 12143271 2544
2742 12145815 5442
2743 12151257 1640
2744 12152897 1266
2745 12154163 2920
2746 12157083 1567
2747 12158650 2722
2748 12161372 860
2749 12162232 1595
2750 12163827 3986
2751 12167813 3226
2752 12171039 2931
2753 12173970 3315
2754 12177285 2703
2755 12179988 1402
2756 12181390 1368
2757 12182758 884
2758 12183642 2131
2759 12185773 1090
2760 12186863 3309
2761 12190172 3180
2762 12193352 3706
2763 12197058 1726
2764 12198784 4788
2765 12203572 1777
2766 12205349 968
2767 12206317 1269
2768 12207586 984
2769 12208570 1138
2770 12209708 4922
2771 12214630 2223
2772 12216853 1805
2773 12218658 1110
2774 12219768 1271
2775 12221039 1234
2776 12222273 4081
2777 12226354 1464
2778 12227818 2677
2779 12230495 2132
2780 12232627 1096
2781 12233723 1830
2782 12235553 4976
2783 12240529 2280
2784 12242809 9585
2785 12252394 2016
2786 12254410 1850
2787 12256260 2642
2788 12258902 3182
2789 12262084 9217
2790 12271301 3411
2791 12274712 8331
2792 12283043 2114
2793 12285157 1710
2794 12286867 974
2795 12287841 1049
2796 12288890 1330
2797 12290220 5319
2798 12295539 4978
2799 12300517 2151
2800 12302668 1738
2801 12304406 3952
2802 12308358 2304
2803 12310662 2233
2804 12312895 1436
2805 12314331 4267
2806 12318598 1268
2807 12319866 1232
2808 12321098 1411
2809 12322509 1688
2810 12324197 5153
2811 12329350 2520
2812 12331870 1374
2813 12333244 3057
2814 12336301 10788
2815 12347089 6984
2816 12354073 1858
2817 12355931 6910
2818 12362841 3053
2819 12365894 1876
2820 12367770 12535
2821 12380305 4563
2822 12384868 1359
2823 12386227 2440
2824 12388667 2273
2825 12390940 2111
2826 12393051 3572
2827 12396623 1352
2828 12397975 10827
2829 12408802 1145
2830 12409947 677
2831 12410624 4720
2832 12415344 1296
2833 12416640 905
2834 12417545 7358
2835 12424903 3096
2836 12427999 1894
2837 12429893 2874
2838 12432767 974
2839 12433741 1315
2840 12435056 1356
2841 12436412 529
2842 12436941 3845
2843 12440786 4599
2844 12445385 4925
2845 12450310 3192
2846 12453502 2186
2847 12455688 859
2848 12456547 790
2849 12457337 1227
2850 12458564 1555
2851 12460119 764
2852 12460883 1655
2853 12462538 12766
2854 12475304 553
2855 12475857 1809
2856 12477666 2467
2857 12480133 2316
2858 12482449 2682
2859 12485131 1649
2860 12486780 622
2861 12487402 2128
2862 12489530 2156
2863 12491686 2193
2864 12493879 2299
2865 12496178 2128
2866 12498306 484
2867 12498790 2424
2868 12501214 1235
2869 12502449 3086
2870 12505535 1557
2871 12507092 603
2872 12507695 1044
2873 12508739 1030
2874 12509769 1085
2875 12510854 6476
2876 12517330 2094
2877 12519424 1931
2878 12521355 6175
2879 12527530 3525
2880 12531055 606
2881 12531661 1781
2882 12533442 3038
2883 12536480 1178
2884 12537658 2235
2885 12539893 3432
2886 12543325 4087
2887 12547412 4276
2888 12551688 6134
2889 12557822 3691
2890 12561513 700
2891 12562213 4268
2892 12566481 4071
2893 12570552 529
2894 12571081 965
2895 12572046 1555
2896 12573601 3652
2897 12577253 3573
2898 12580826 4787
2899 12585613 2691
2900 12588304 2074
2901 12590378 3125
2902 12593503 803
2903 12594306 7104
2904 12601410 933
2905 12602343 3100
2906 12605443 2335
2907 12607778 2639
2908 12610417 2547
2909 12612964 3799
2910 12616763 2038
2911 12618801 1854
2912 12620655 4350
2913 12625005 1424
2914 12626429 4390
2915 12630819 3873
2916 12634692 5561
2917 12640253 6544
2918 12646797 4390
2919 12651187 1214
2920 12652401 2754
2921 12655155 6410
2922 12661565 2531
2923 12664096 3438
2924 12667534 2694
2925 12670228 2195
2926 12672423 735
2927 12673158 8834
2928 12681992 6753
2929 12688745 2204
2930 12690949 2516
2931 12693465 2392
2932 12695857 2304
2933 12698161 1305
2934 12699466 1086
2935 12700552 2941
2936 12703493 10086
2937 12713579 1278
2938 12714857 3907
2939 12718764 1087
2940 12719851 456
2941 12720307 10521
2942 12730828 1833
2943 12732661 3347
2944 12736008 3239
2945 12739247 3440
2946 12742687 9516
2947 12752203 2161
2948 12754364 1085
2949 12755449 753
2950 12756202 1016
2951 12757218 1830
2952 12759048 8455
2953 12767503 3437
2954 12770940 6302
2955 12777242 4693
2956 12781935 5475
2957 12787410 1705
2958 12789115 5273
2959 12794388 1659
2960 12796047 1671
2961 12797718 6643
2962 12804361 2755
2963 12807116 1495
2964 12808611 2063
2965 12810674 2570
2966 12813244 2574
2967 12815818 3649
2968 12819467 1442
2969 12820909 3204
2970 12824113 1191
2971 12825304 1743
2972 12827047 4484
2973 12831531 1074
2974 12832605 4058
2975 12836663 1782
2976 12838445 2075
2977 12840520 216
2978 12840736 4795
2979 12845531 2542
2980 12848073 2550
2981 12850623 358
2982 12850981 1483
2983 12852464 1473
2984 12853937 2120
2985 12856057 1458
2986 12857515 1054
2987 12858569 2599
2988 12861168 1008
2989 12862176 331
2990 12862507 4557
2991 12867064 1277
2992 12868341 866
2993 12869207 3770
2994 12872977 1305
2995 12874282 3021
2996 12877303 2532
2997 12879835 537
2998 12880372 1254
2999 12881626 1211
3000 12882837 2455
3001 12885292 1162
3002 12886454 579
3003 12887033 1308
3004 12888341 7250
3005 12895591 3789
3006 12899380 6864
3007 12906244 2010
3008 12908254 1307
3009 12909561 503
3010 12910064 1311
3011 12911375 2238
3012 12913613 4458
3013 12918071 1535
3014 12919606 11494
3015 12931100 2046
3016 12933146 805
3017 12933951 921
3018 12934872 1062
3019 12935934 1817
3020 12937751 713
3021 12938464 11516
3022 12949980 1746
3023 12951726 2864
3024 12954590 3589
3025 12958179 948
3026 12959127 2149
3027 12961276 1201
3028 12962477 4651
3029 12967128 207
3030 12967335 7014
3031 12974349 1036
3032 12975385 1745
3033 12977130 2556
3034 12979686 1481
3035 12981167 1245
3036 12982412 1609
3037 12984021 2940
3038 12986961 1276
3039 12988237 6313
3040 12994550 2648
3041 12997198 445
3042 12997643 4226
3043 13001869 519
3044 13002388 1443
3045 13003831 2066
3046 13005897 2711
3047 13008608 3083
3048 13011691 1340
3049 13013031 1490
3050 13014521 1100
3051 13015621 1415
3052 13017036 2313
3053 13019349 579
3054 13019928 1962
3055 13021890 3101
3056 13024991 2431
3057 13027422 7717
3058 13035139 2645
3059 13037784 2010
3060 13039794 6161
3061 13045955 4219
3062 13050174 4298
3063 13054472 3380
3064 13057852 6744
3065 13064596 3552
3066 13068148 3250
3067 13071398 4599
3068 13075997 5144
3069 13081141 4403
3070 13085544 3323
3071 13088867 4041
3072 13092908 1123
3073 13094031 7778
3074 13101809 4515
3075 13106324 4313
3076 13110637 4320
3077 13114957 4032
3078 13118989 5440
3079 13124429 7570
3080 13131999 2287
3081 13134286 2095
3082 13136381 2898
3083 13139279 2895
3084 13142174 4592
3085 13146766 5308
3086 13152074 3096
3087 13155170 4034
3088 13159204 5324
3089 13164528 4625
3090 13169153 5001
3091 13174154 2452
3092 13176606 2678
3093 13179284 2921
3094 13182205 8043
3095 13190248 1212
3096 13191460 760
3097 13192220 195
3098 13192415 4079
3099 13196494 3235
3100 13199729 1517
3101 13201246 9744
3102 13210990 2952
3103 13213942 8543
3104 13222485 3865
3105 13226350 5122
3106 13231472 4804
3107 13236276 8420
3108 13244696 4691
3109 13249387 3859
3110 13253246 516
3111 13253762 4582
3112 13258344 4230
3113 13262574 3710
3114 13266284 5696
3115 13271980 7094
3116 13279074 6284
3117 13285358 2493
3118 13287851 3277
3119 13291128 945
3120 13292073 22518
3121 13314591 18205
3122 13332796 2540
3123 13335336 8276
3124 13343612 1614
3125 13345226 2363
3126 13347589 6930
3127 13354519 3257
3128 13357776 10783
3129 13368559 2840
3130 13371399 3414
3131 13374813 3163
3132 13377976 4740
3133 13382716 7112
3134 13389828 6769
3135 13396597 6048
3136 13402645 1034
3137 13403679 2733
3138 13406412 3384
3139 13409796 1037
3140 13410833 2398
3141 13413231 1528
3142 13414759 6085
3143 13420844 13281
3144 13434125 2070
3145 13436195 12647
3146 13448842 6277
3147 13455119 2840
3148 13457959 4946
3149 13462905 1927
3150 13464832 8874
3151 13473706 6438
3152 13480144 2428
3153 13482572 6077
3154 13488649 8017
3155 13496666 11477
3156 13508143 2031
3157 13510174 3515
3158 13513689 5139
3159 13518828 5310
3160 13524138 5119
3161 13529257 6279
3162 13535536 1001
3163 13536537 6943
3164 13543480 2883
3165 13546363 9261
3166 13555624 4135
3167 13559759 6292
3168 13566051 2841
3169 13568892 1542
3170 13570434 2896
3171 13573330 3377
3172 13576707 1757
3173 13578464 5498
3174 13583962 8974
3175 13592936 181
3176 13593117 2278
3177 13595395 8363
3178 13603758 6760
3179 13610518 6415
3180 13616933 3669
3181 13620602 3362
3182 13623964 2868
3183 13626832 3397
3184 13630229 462
3185 13630691 2152
3186 13632843 3896
3187 13636739 3591
3188 13640330 2896
3189 13643226 3551
3190 13646777 2679
3191 13649456 6521
3192 13655977 9349
3193 13665326 8355
3194 13673681 10442
3195 13684123 9634
3196 13693757 10196
3197 13703953 7895
3198 13711848 5419
3199 13717267 6185
3200 13723452 7435
3201 13730887 3429
3202 13734316 3881
3203 13738197 2344
3204 13740541 1532
3205 13742073 1638
3206 13743711 3126
3207 13746837 3493
3208 13750330 7542
3209 13757872 6312
3210 13764184 5884
3211 13770068 3466
3212 13773534 4529
3213 13778063 3431
3214 13781494 11364
3215 13792858 5037
3216 13797895 4767
3217 13802662 948
3218 13803610 4115
3219 13807725 3630
3220 13811355 3414
3221 13814769 4284
3222 13819053 4884
3223 13823937 4538
3224 13828475 7961
3225 13836436 2230
3226 13838666 5495
3227 13844161 4317
3228 13848478 6340
3229 13854818 4743
3230 13859561 2133
3231 13861694 2124
3232 13863818 1456
3233 13865274 3297
3234 13868571 4566
3235 13873137 4118
3236 13877255 6085
3237 13883340 8357
3238 13891697 1842
3239 13893539 5594
3240 13899133 7221
3241 13906354 1231
3242 13907585 3338
3243 13910923 4009
3244 13914932 1574
3245 13916506 7183
3246 13923689 2740
3247 13926429 9878
3248 13936307 4220
3249 13940527 5757
3250 13946284 784
3251 13947068 3665
3252 13950733 1963
3253 13952696 395
3254 13953091 417
3255 13953508 428
3256 13953936 473
3257 13954409 447
3258 13954856 450
3259 13955306 477
3260 13955783 515
3261 13956298 463
3262 13956761 493
3263 13957254 463
3264 13957717 461
3265 13958178 476
3266 13958654 444
3267 13959098 513
3268 13959611 6515
3269 13966126 8115
3270 13974241 3599
3271 13977840 4937
3272 13982777 3427
3273 13986204 1831
3274 13988035 979
3275 13989014 1387
3276 13990401 1151
3277 13991552 2088
3278 13993640 1284
3279 13994924 1727
3280 13996651 1780
3281 13998431 2131
3282 14000562 1790
3283 14002352 7614
3284 14009966 18113
3285 14028079 3835
3286 14031914 4372
3287 14036286 3328
3288 14039614 3544
3289 14043158 10302
3290 14053460 4050
3291 14057510 1214
3292 14058724 875
3293 14059599 1476
3294 14061075 956
3295 14062031 1948
3296 14063979 4408
3297 14068387 1627
3298 14070014 6068
3299 14076082 7577
3300 14083659 1932
3301 14085591 3965
3302 14089556 2643
3303 14092199 4731
3304 14096930 8671
3305 14105601 4908
3306 14110509 7948
3307 14118457 4771
3308 14123228 9940
3309 14133168 2096
3310 14135264 1577
3311 14136841 2042
3312 14138883 1821
3313 14140704 2389
3314 14143093 2816
3315 14145909 2548
3316 14148457 13121
3317 14161578 2456
3318 14164034 2148
3319 14166182 2427
3320 14168609 3029
3321 14171638 1477
3322 14173115 10050
3323 14183165 9513
3324 14192678 4664
3325 14197342 6967
3326 14204309 3613
3327 14207922 3383
3328 14211305 2833
3329 14214138 5844
3330 14219982 3066
3331 14223048 5734
3332 14228782 4754
3333 14233536 13511
3334 14247047 3806
3335 14250853 2939
3336 14253792 1487
3337 14255279 8035
3338 14263314 5651
3339 14268965 12386
3340 14281351 3690
3341 14285041 2119
3342 14287160 5445
3343 14292605 5777
3344 14298382 7873
3345 14306255 10095
3346 14316350 3555
3347 14319905 3349
3348 14323254 2141
3349 14325395 223
3350 14325618 3743
3351 14329361 1930
3352 14331291 1430
3353 14332721 7337
3354 14340058 1016
3355 14341074 939
3356 14342013 1548
3357 14343561 3223
3358 14346784 1819
3359 14348603 3981
3360 14352584 2133
3361 14354717 3978
3362 14358695 1376
3363 14360071 4885
3364 14364956 2591
3365 14367547 1732
3366 14369279 1963
3367 14371242 1472
3368 14372714 2612
3369 14375326 2710
3370 14378036 3561
3371 14381597 3461
3372 14385058 3728
3373 14388786 3011
3374 14391797 4287
3375 14396084 3147
3376 14399231 3983
3377 14403214 4138
3378 14407352 3535
3379 14410887 3587
3380 14414474 3798
3381 14418272 3989
3382 14422261 3463
3383 14425724 3731
3384 14429455 3434
3385 14432889 3082
3386 14435971 3122
3387 14439093 4049
3388 14443142 3209
3389 14446351 3317
3390 14449668 3444
3391 14453112 3506
3392 14456618 4641
3393 14461259 1484
3394 14462743 3369
3395 14466112 4943
3396 14471055 3274
3397 14474329 3628
3398 14477957 3718
3399 14481675 3474
3400 14485149 2723
3401 14487872 3220
3402 14491092 3638
3403 14494730 3077
3404 14497807 3534
3405 14501341 18793
3406 14520134 4398
3407 14524532 3725
3408 14528257 3540
3409 14531797 4271
3410 14536068 1212
3411 14537280 906
3412 14538186 2882
3413 14541068 3981
3414 14545049 3411
3415 14548460 3520
3416 14551980 2602
3417 14554582 1091
3418 14555673 4164
3419 14559837 19584
3420 14579421 4764
3421 14584185 3293
3422 14587478 4675
3423 14592153 3240
3424 14595393 3581
3425 14598974 782
3426 14599756 1063
3427 14600819 2889
3428 14603708 4394
3429 14608102 9495
3430 14617597 2170
3431 14619767 3157
3432 14622924 2102
3433 14625026 2278
3434 14627304 26746
3435 14654050 1872
3436 14655922 1752
3437 14657674 5212
3438 14662886 5434
3439 14668320 2494
3440 14670814 3395
3441 14674209 4702
3442 14678911 3689
3443 14682600 3366
3444 14685966 15080
3445 14701046 4072
3446 14705118 3505
3447 14708623 9939
3448 14718562 1634
3449 14720196 1463
3450 14721659 5765
3451 14727424 10704
3452 14738128 4858
3453 14742986 3780
3454 14746766 2169
3455 14748935 1242
3456 14750177 642
3457 14750819 1512
3458 14752331 4527
3459 14756858 2709
3460 14759567 1917
3461 14761484 8547
3462 14770031 6110
3463 14776141 5091
3464 14781232 1931
3465 14783163 6426
3466 14789589 2934
3467 14792523 2888
3468 14795411 7333
3469 14802744 1661
3470 14804405 1926
3471 14806331 2586
3472 14808917 1665
3473 14810582 1566
3474 14812148 10501
3475 14822649 7419
3476 14830068 3285
3477 14833353 2971
3478 14836324 1901
3479 14838225 5508
3480 14843733 8008
3481 14851741 3140
3482 14854881 482
3483 14855363 3605
3484 14858968 4944
3485 14863912 6761
3486 14870673 899
3487 14871572 2316
3488 14873888 4232
3489 14878120 3500
3490 14881620 2853
3491 14884473 5459
3492 14889932 4990
3493 14894922 7159
3494 14902081 1126
3495 14903207 3881
3496 14907088 1330
3497 14908418 3251
3498 14911669 4340
3499 14916009 4772
3500 14920781 2310
3501 14923091 5884
3502 14928975 2260
3503 14931235 1715
3504 14932950 14735
3505 14947685 5279
3506 14952964 1340
3507 14954304 5487
3508 14959791 1397
3509 14961188 6446
3510 14967634 4511
3511 14972145 9523
3512 14981668 1728
3513 14983396 3418
3514 14986814 15116
3515 15001930 3862
3516 15005792 7723
3517 15013515 13356
3518 15026871 3740
3519 15030611 13685
3520 15044296 3093
3521 15047389 5085
3522 15052474 5459
3523 15057933 4564
3524 15062497 5391
3525 15067888 1816
3526 15069704 3790
3527 15073494 6025
3528 15079519 2423
3529 15081942 4315
3530 15086257 940
3531 15087197 773
3532 15087970 4069
3533 15092039 2638
3534 15094677 2947
3535 15097624 1234
3536 15098858 1925
3537 15100783 2301
3538 15103084 2675
3539 15105759 2269
3540 15108028 1279
3541 15109307 4655
3542 15113962 4532
3543 15118494 3532
3544 15122026 3094
3545 15125120 4080
3546 15129200 4406
3547 15133606 2758
3548 15136364 3803
3549 15140167 2301
3550 15142468 1724
3551 15144192 2232
3552 15146424 20382
3553 15166806 3244
3554 15170050 4058
3555 15174108 1911
3556 15176019 8646
3557 15184665 2642
3558 15187307 5121
3559 15192428 5209
3560 15197637 3599
3561 15201236 4006
3562 15205242 5763
3563 15211005 2980
3564 15213985 5333
3565 15219318 1712
3566 15221030 2580
3567 15223610 5009
3568 15228619 4765
3569 15233384 3299
3570 15236683 5386
3571 15242069 5466
3572 15247535 4256
3573 15251791 2522
3574 15254313 4387
3575 15258700 7356
3576 15266056 185
3577 15266241 4697
3578 15270938 170
3579 15271108 894
3580 15272002 777
3581 15272779 2223
3582 15275002 1721
3583 15276723 924
3584 15277647 1824
3585 15279471 12065
3586 15291536 4336
3587 15295872 9775
3588 15305647 1110
3589 15306757 3288
3590 15310045 1393
3591 15311438 3435
3592 15314873 4642
3593 15319515 5509
3594 15325024 2564
3595 15327588 3281
3596 15330869 1863
3597 15332732 3246
3598 15335978 5050
3599 15341028 2046
3600 15343074 5777
3601 15348851 2294
3602 15351145 4195
3603 15355340 4886
3604 15360226 3742
3605 15363968 1621
3606 15365589 2686
3607 15368275 2671
3608 15370946 513
3609 15371459 4129
3610 15375588 6043
3611 15381631 1733
3612 15383364 3549
3613 15386913 2443
3614 15389356 5598
3615 15394954 4908
3616 15399862 905
3617 15400767 1267
3618 15402034 1997
3619 15404031 4044
3620 15408075 3483
3621 15411558 583
3622 15412141 4029
3623 15416170 2875
3624 15419045 2776
3625 15421821 3373
3626 15425194 5430
3627 15430624 4480
3628 15435104 4928
3629 15440032 2663
3630 15442695 8829
3631 15451524 9324
3632 15460848 5422
3633 15466270 2002
3634 15468272 7217
3635 15475489 2489
3636 15477978 8123
3637 15486101 1277
3638 15487378 1837
3639 15489215 3012
3640 15492227 4394
3641 15496621 2013
3642 15498634 1188
3643 15499822 1190
3644 15501012 5128
3645 15506140 2747
3646 15508887 4006
3647 15512893 1117
3648 15514010 1980
3649 15515990 1309
3650 15517299 2856
3651 15520155 1558
3652 15521713 741
3653 15522454 534
3654 15522988 864
3655 15523852 674
3656 15524526 536
3657 15525062 464
3658 15525526 1341
3659 15526867 3510
3660 15530377 3711
3661 15534088 513
3662 15534601 2075
3663 15536676 1331
3664 15538007 3349
3665 15541356 3161
3666 15544517 5300
3667 15549817 3006
3668 15552823 3773
3669 15556596 3250
3670 15559846 2996
3671 15562842 1887
3672 15564729 3143
3673 15567872 215
3674 15568087 1932
3675 15570019 9815
3676 15579834 3766
3677 15583600 3334
3678 15586934 4126
3679 15591060 1516
3680 15592576 1432
3681 15594008 2325
3682 15596333 1924
3683 15598257 3088
3684 15601345 2711
3685 15604056 2345
3686 15606401 2650
3687 15609051 702
3688 15609753 5854
3689 15615607 3224
3690 15618831 8755
3691 15627586 3971
3692 15631557 1966
3693 15633523 3312
3694 15636835 7345
3695 15644180 2554
3696 15646734 2649
3697 15649383 9351
3698 15658734 18712
3699 15677446 3061
3700 15680507 2716
3701 15683223 5239
3702 15688462 2214
3703 15690676 4189
3704 15694865 6372
3705 15701237 935
3706 15702172 4808
3707 15706980 8075
3708 15715055 5253
3709 15720308 6443
3710 15726751 905
3711 15727656 3689
3712 15731345 2874
3713 15734219 3497
3714 15737716 2508
3715 15740224 3613
3716 15743837 4619
3717 15748456 9335
3718 15757791 9303
3719 15767094 11479
3720 15778573 2133
3721 15780706 4677
3722 15785383 2693
3723 15788076 1643
3724 15789719 5675
3725 15795394 2003
3726 15797397 1905
3727 15799302 8044
3728 15807346 8575
3729 15815921 2701
3730 15818622 4355
3731 15822977 3064
3732 15826041 1901
3733 15827942 10356
3734 15838298 6195
3735 15844493 4645
3736 15849138 5276
3737 15854414 1272
3738 15855686 1838
3739 15857524 3541
3740 15861065 203
3741 15861268 3684
3742 15864952 2514
3743 15867466 7464
3744 15874930 6794
3745 15881724 6273
3746 15887997 8517
3747 15896514 3088
3748 15899602 2808
3749 15902410 1830
3750 15904240 6866
3751 15911106 3357
3752 15914463 2648
3753 15917111 1132
3754 15918243 11534
3755 15929777 10790
3756 15940567 9800
3757 15950367 6867
3758 15957234 8571
3759 15965805 2218
3760 15968023 482
3761 15968505 2694
3762 15971199 586
3763 15971785 6239
3764 15978024 4271
3765 15982295 2259
3766 15984554 8891
3767 15993445 6323
3768 15999768 1539
3769 16001307 7216
3770 16008523 2732
3771 16011255 7646
3772 16018901 4391
3773 16023292 2866
3774 16026158 6172
3775 16032330 9213
3776 16041543 2798
3777 16044341 4266
3778 16048607 3869
3779 16052476 1700
3780 16054176 6360
3781 16060536 5284
3782 16065820 5075
3783 16070895 7821
3784 16078716 1833
3785 16080549 2790
3786 16083339 1913
3787 16085252 1554
3788 16086806 2550
3789 16089356 1998
3790 16091354 3676
3791 16095030 935
3792 16095965 1202
3793 16097167 1874
3794 16099041 1422
3795 16100463 3792
3796 16104255 5682
3797 16109937 2224
3798 16112161 2831
3799 16114992 1493
3800 16116485 5737
3801 16122222 2648
3802 16124870 1278
3803 16126148 1259
3804 16127407 1312
3805 16128719 7561
3806 16136280 1697
3807 16137977 2769
3808 16140746 1232
3809 16141978 1368
3810 16143346 5093
3811 16148439 3026
3812 16151465 1291
3813 16152756 2715
3814 16155471 1410
3815 16156881 915
3816 16157796 2747
3817 16160543 1489
3818 16162032 797
3819 16162829 2834
3820 16165663 1075
3821 16166738 8687
3822 16175425 2589
3823 16178014 1601
3824 16179615 2161
3825 16181776 1950
3826 16183726 6203
3827 16189929 2066
3828 16191995 1544
3829 16193539 3060
3830 16196599 4029
3831 16200628 2629
3832 16203257 2827
3833 16206084 1032
3834 16207116 1414
3835 16208530 5369
3836 16213899 1641
3837 16215540 3492
3838 16219032 2040
3839 16221072 5613
3840 16226685 6595
3841 16233280 1116
3842 16234396 1401
3843 16235797 348
3844 16236145 2124
3845 16238269 1695
3846 16239964 2818
3847 16242782 1188
3848 16243970 1932
3849 16245902 858
3850 16246760 1809
3851 16248569 2926
3852 16251495 6720
3853 16258215 2649
3854 16260864 1556
3855 16262420 1735
3856 16264155 1664
3857 16265819 943
3858 16266762 8636
3859 16275398 5377
3860 16280775 5437
3861 16286212 5272
3862 16291484 6367
3863 16297851 2024
3864 16299875 18943
3865 16318818 7521
3866 16326339 1808
3867 16328147 1225
3868 16329372 2892
3869 16332264 1842
3870 16334106 2680
3871 16336786 4109
3872 16340895 1389
3873 16342284 583
3874 16342867 6346
3875 16349213 2349
3876 16351562 1788
3877 16353350 3289
3878 16356639 1846
3879 16358485 13078
3880 16371563 521
3881 16372084 1497
3882 16373581 2941
3883 16376522 2301
3884 16378823 2766
3885 16381589 17721
3886 16399310 1390
3887 16400700 216
3888 16400916 2697
3889 16403613 935
3890 16404548 1059
3891 16405607 14980
3892 16420587 6230
3893 16426817 13688
3894 16440505 695
3895 16441200 2722
3896 16443922 2015
3897 16445937 2541
3898 16448478 2740
3899 16451218 1734
3900 16452952 19155
3901 16472107 8799
3902 16480906 3484
3903 16484390 3400
3904 16487790 3295
3905 16491085 3146
3906 16494231 411
3907 16494642 2495
3908 16497137 2892
3909 16500029 3980
3910 16504009 2794
3911 16506803 892
3912 16507695 652
3913 16508347 19282
3914 16527629 3813
3915 16531442 225
3916 16531667 27771
3917 16559438 4047
3918 16563485 7155
3919 16570640 9056
3920 16579696 29051
3921 16608747 19010
3922 16627757 914
3923 16628671 588
3924 16629259 2270
3925 16631529 1560
3926 16633089 4918
3927 16638007 3258
3928 16641265 3967
3929 16645232 2449
3930 16647681 4516
3931 16652197 1108
3932 16653305 1976
3933 16655281 542
3934 16655823 402
3935 16656225 9587
3936 16665812 2264
3937 16668076 838
3938 16668914 29239
3939 16698153 3503
3940 16701656 874
3941 16702530 2459
3942 16704989 3093
3943 16708082 217
3944 16708299 7022
3945 16715321 18850
3946 16734171 5591
3947 16739762 1266
3948 16741028 2130
3949 16743158 2301
3950 16745459 2550
3951 16748009 8703
3952 16756712 3449
3953 16760161 2234
3954 16762395 21861
3955 16784256 838
3956 16785094 370
3957 16785464 1123
3958 16786587 3704
3959 16790291 994
3960 16791285 3506
3961 16794791 3181
3962 16797972 1526
3963 16799498 1301
3964 16800799 1953
3965 16802752 2029
3966 16804781 1287
3967 16806068 3864
3968 16809932 525
3969 16810457 6423
3970 16816880 2375
3971 16819255 3451
3972 16822706 780
3973 16823486 1242
3974 16824728 2239
3975 16826967 648
3976 16827615 764
3977 16828379 4971
3978 16833350 1954
3979 16835304 3083
3980 16838387 6281
3981 16844668 955
3982 16845623 903
3983 16846526 1119
3984 16847645 6294
3985 16853939 2827
3986 16856766 5047
3987 16861813 8939
3988 16870752 7211
3989 16877963 1475
3990 16879438 641
3991 16880079 3213
3992 16883292 2870
3993 16886162 2214
3994 16888376 5558
3995 16893934 4393
3996 16898327 690
3997 16899017 2507
3998 16901524 1496
3999 16903020 2464
4000 16905484 4278
4001 16909762 2802
4002 16912564 5394
4003 16917958 5829
4004 16923787 4441
4005 16928228 2749
4006 16930977 2033
4007 16933010 1041
4008 16934051 791
4009 16934842 2638
4010 16937480 5729
4011 16943209 1755
4012 16944964 1682
4013 16946646 7231
4014 16953877 1190
4015 16955067 2215
4016 16957282 2426
4017 16959708 1390
4018 16961098 545
4019 16961643 4993
4020 16966636 6082
4021 16972718 11588
4022 16984306 1201
4023 16985507 2290
4024 16987797 2141
4025 16989938 5169
4026 16995107 2425
4027 16997532 3017
4028 17000549 20012
4029 17020561 2818
4030 17023379 1584
4031 17024963 1721
4032 17026684 1398
4033 17028082 7217
4034 17035299 4574
4035 17039873 12551
4036 17052424 2381
4037 17054805 1803
4038 17056608 1417
4039 17058025 3061
4040 17061086 1371
4041 17062457 3855
4042 17066312 1290
4043 17067602 2306
4044 17069908 1913
4045 17071821 3425
4046 17075246 205
4047 17075451 963
4048 17076414 7055
4049 17083469 5073
4050 17088542 6379
4051 17094921 4411
4052 17099332 3688
4053 17103020 2741
4054 17105761 30555
4055 17136316 3866
4056 17140182 4978
4057 17145160 2807
4058 17147967 1913
4059 17149880 4556
4060 17154436 1226
4061 17155662 2553
